59 59 59 59 59 59 59 59 59 49 19 09 59 49 19 09
59 59 59 59 59 59 59 59 51 41 11 01 51 41 11 01
59 59 59 59 59 59 59 59 59 49 19 09 59 49 19 09
59 59 59 59 59 59 59 59 51 41 11 01 51 41 11 01
00 10 40 50 00 10 40 50 00 00 00 00 00 00 00 00
08 18 48 58 08 18 48 58 00 00 00 00 00 00 00 00
00 10 40 50 00 10 40 50 00 00 00 00 00 00 00 00
08 18 48 58 08 18 48 58 00 00 00 00 00 00 00 00
59 59 59 59 59 59 59 59 58 48 18 08 58 48 18 08
59 59 59 59 59 59 59 59 50 40 10 00 50 40 10 00
59 59 59 59 59 59 59 59 58 48 18 08 58 48 18 08
59 59 59 59 59 59 59 59 50 40 10 00 50 40 10 00
01 11 41 51 01 11 41 51 00 00 00 00 00 00 00 00
09 19 49 59 09 19 49 59 00 00 00 00 00 00 00 00
01 11 41 51 01 11 41 51 00 00 00 00 00 00 00 00
09 19 49 59 09 19 49 59 00 00 00 00 00 00 00 00
